-1.95495210e+04
2.78539325e+10
7.44558062e+10
1.41434674e+11
1.38641049e+12
7.52021473e+11
2.64187875e+12
3.87022648e+12
7.35862320e+12
5.90317841e+12
6.16965625e+12
2.31265917e+13
1.62850489e+13
3.92244654e+13
5.01484551e+13
6.75967389e+12
8.35204421e+13
1.02532769e+14
1.33264737e+14
1.73164981e+14
3.65719310e+13
2.35441690e+14
2.74012093e+14
1.84838682e+14
4.21075539e+14
2.77357148e+14
2.86501180e+14
5.79310521e+14
6.97080275e+14
7.95513195e+14
1.33900176e+15
1.06105380e+15
2.37258772e+14
1.29278588e+15
1.38648084e+15
9.60935485e+14
2.77315945e+15
3.01735847e+15
1.26758022e+15
1.32478190e+15
3.00788623e+15
5.64471533e+15
3.07510101e+15
5.38396400e+15
5.99398821e+15
2.96833052e+15
4.95077108e+15
5.22130699e+15
7.75252786e+15
8.93253078e+15
4.77956510e+15
9.52394098e+15
1.37930827e+16
9.76687971e+15
1.31396600e+16
1.32020274e+16
9.00052103e+15
1.61786002e+16
2.19543077e+16
2.01822022e+16
1.50120565e+16
2.27713401e+16
1.98169369e+16
2.66675086e+16
3.56602299e+16
3.03296725e+16
2.36265564e+16
5.09437423e+16
5.64793815e+16
2.88742152e+16
4.43583961e+16
6.26305796e+16
8.39893768e+16
7.73345441e+16
8.41144666e+16
1.19459698e+17
1.22824366e+17
1.31698847e+17
2.11765479e+17
2.61005698e+17
3.33334688e+17
5.43291558e+17
1.09523222e+18
4.25576509e+19
1.03834605e+18
5.82825226e+17
3.91315801e+17
3.40138795e+17
2.91688396e+17
2.27788022e+17
1.84371290e+17
1.87360376e+17
2.05765556e+17
1.84073554e+17
1.29888800e+17
1.76692332e+17
1.56201383e+17
9.65790037e+16
7.48873513e+16
1.41639822e+17
1.74761752e+17
8.57308646e+16
1.11258949e+17
1.01797485e+17
9.35175818e+16
8.55575870e+16
9.05162407e+16
1.12597098e+17
8.33217768e+16
5.27137181e+16
9.27384259e+16
1.05191444e+17
8.26096959e+16
8.01652085e+16
5.41714158e+16
8.31744727e+16
8.53874213e+16
6.23555850e+16
8.21074985e+16
9.33280123e+16
8.99603559e+16
6.24670259e+16
6.47141459e+16
6.57713020e+16
7.84889547e+16
8.10244203e+16
8.02781948e+16
7.36881808e+16
6.06620370e+16
7.98001534e+16
7.90251866e+16
7.78812988e+16
5.54825185e+16
7.30808871e+16
7.31785128e+16
5.42298180e+16
7.28851529e+16
7.30482875e+16
5.51040830e+16
5.14746409e+16
8.16457714e+16
8.22436897e+16
4.91591815e+16
3.13448978e+16
6.38083449e+16
4.75543856e+16
4.41040977e+16
7.28109615e+16
5.92012804e+16
4.10571642e+16
5.47615119e+16
5.31421041e+16
5.24668931e+16
5.14082789e+16
3.73768810e+16
3.66495993e+16
3.55175467e+16
5.34355613e+16
5.18680365e+16
2.41175589e+16
4.47188237e+16
4.18949568e+16
2.63221189e+16
3.62851083e+16
2.77768332e+16
3.23654816e+16
2.30505520e+16
2.73105545e+16
2.91211576e+16
2.77765543e+16
2.50153545e+16
2.46774892e+16
2.50656127e+16
1.23236120e+16
1.56687306e+16
1.95000980e+16
2.11999473e+16
1.22798269e+16
7.99746492e+15
1.44200722e+16
1.50528836e+16
8.49070517e+15
1.04590300e+16
9.94300806e+15
8.11353607e+15
5.13115978e+15
3.35243427e+15
4.65863611e+15
5.64652115e+15
4.68130451e+15
3.40921679e+15
2.73816009e+15
1.58910497e+15
1.83506880e+15
1.11541084e+15
3.95753228e+14
4.03813480e+14
2.60919102e+14
1.23082669e+14
2.15571896e+13
3.53789006e+13
1.50768085e+14
3.15362527e+14
7.38241805e+14
1.17821783e+15
9.89121046e+14
1.81784484e+15
2.43850696e+15
3.63628027e+15
5.13587352e+15
5.49872326e+15
9.42709006e+15
8.69280534e+15
4.90705210e+15
1.30406423e+16
1.21139988e+16
1.47269728e+16
2.11347827e+16
1.99667038e+16
1.78668215e+16
2.81404322e+16
3.46860697e+16
3.43384655e+16
3.85034518e+16
3.56915241e+16
3.39731550e+16
6.40185231e+16
6.57110858e+16
4.16680487e+16
5.38723764e+16
8.19620990e+16
7.70993304e+16
7.65176347e+16
8.78533915e+16
7.57745712e+16
1.03309638e+17
1.28099980e+17
1.18657867e+17
1.35919241e+17
1.09137491e+17
1.14572271e+17
1.92060555e+17
1.78988660e+17
1.41736368e+17
1.63309995e+17
1.82800353e+17
1.74775292e+17
1.37173286e+17
2.08684153e+17
2.63239074e+17
2.68207600e+17
2.67534126e+17
2.57905210e+17
2.96700997e+17
2.82334114e+17
3.17194873e+17
3.20237942e+17
3.12259188e+17
3.61198018e+17
3.55739078e+17
4.71008944e+17
4.25574340e+17
4.07126879e+17
4.60197829e+17
4.76804869e+17
5.18846283e+17
6.19786256e+17
4.83172540e+17
5.12701057e+17
6.79836825e+17
6.64179549e+17
5.50214886e+17
6.77252863e+17
7.20407876e+17
6.50393317e+17
7.59150898e+17
7.52194618e+17
7.22331949e+17
8.43994398e+17
8.30822638e+17
8.42739513e+17
8.03705275e+17
8.34647349e+17
9.02690178e+17
9.83546512e+17
1.11985763e+18
1.05857021e+18
8.84624694e+17
8.68340500e+17
1.16493005e+18
1.20987845e+18
1.11107446e+18
1.24204994e+18
1.33893673e+18
1.17960410e+18
1.26716601e+18
1.39631844e+18
1.28561596e+18
1.40506409e+18
1.57134462e+18
1.43078706e+18
1.48829437e+18
1.56094412e+18
1.63918424e+18
1.62168316e+18
1.55857719e+18
1.51209182e+18
1.74345881e+18
1.82272928e+18
1.83173169e+18
1.88040581e+18
1.67465087e+18
1.75048368e+18
1.95929685e+18
1.91629582e+18
1.85320181e+18
1.88414209e+18
2.07379783e+18
2.03006130e+18
2.03905171e+18
2.20953239e+18
2.10740431e+18
2.08286227e+18
2.26303500e+18
2.34554007e+18
2.27470630e+18
2.28364509e+18
2.37037335e+18
2.41649775e+18
2.30489677e+18
2.30937975e+18
2.40566646e+18
2.39613390e+18
2.33533090e+18
2.38179146e+18
2.42817586e+18
2.33573544e+18
2.42719677e+18
2.51335686e+18
2.35042994e+18
2.46858905e+18
2.44724304e+18
2.31056193e+18
2.37409163e+18
2.35677991e+18
2.33655440e+18
2.26654022e+18
2.31073394e+18
2.28608607e+18
2.21615238e+18
2.18817645e+18
2.10346246e+18
2.12632107e+18
2.07882551e+18
2.05730961e+18
2.02505431e+18
1.89983760e+18
1.87267368e+18
1.87823942e+18
1.82530610e+18
1.72530140e+18
1.67560002e+18
1.60725078e+18
1.55937849e+18
1.43601290e+18
1.40569392e+18
1.30573203e+18
1.17726004e+18
1.04343128e+18
1.03605199e+18
9.89622234e+17
9.40025533e+17
9.00620214e+17
3.91536918e+17
8.31450341e+17
7.99280179e+17
4.39713499e+17
-3.84591612e+18
-3.16117776e+18
4.17025364e+17
3.88179147e+17
3.34707477e+17
-1.29794687e+18
-1.00684075e+18
-7.66629673e+17
-5.76640273e+17
-4.20539885e+17
-3.07130393e+17
-2.12516706e+17
-1.43208938e+17
-9.46188149e+16
0.00000000e+00
-3.29857470e+16
-1.81311297e+16
0.00000000e+00
0.00000000e+00
-9.75804363e+14
-1.51532015e+14
0.00000000e+00
0.00000000e+00
