10608.42512914
-4472.24618812
-18147.16164431
-15317.25269635
-7528.29449159
-12818.15603004
-11957.49789577
-10216.44039299
-15634.79382280
-29044.71121835
-15571.05313530
-12437.79210798
-14030.78805190
-10067.46029016
-10904.08953032
-14053.19156714
-24290.95473696
-9306.99138148
-325.20707760
-22208.42938006
-25966.91635148
-9253.51788985
-2315.76431881
-12402.81535899
-28366.75020788
-8472.79168889
-1283.69747416
-11929.33812868
-721.49221276
-21526.79397257
-4145.62487826
1758.34688707
-6235.48761991
10680.66477750
20449.78688243
17225.08925578
24268.13873798
38196.78949852
42005.26746485
37949.82516192
47159.43569463
99204.30777200
125678.28266778
129988.57049432
169026.06607821
222010.70581475
233342.07290111
338142.27215407
428720.79585705
347815.26639823
559052.47296607
702882.31867658
858957.19031200
1056251.38927278
1353058.15478660
1628567.42709705
2061778.13091285
2520758.94242856
3091570.84064839
3871551.42060150
4884163.45578195
6375242.22739660
8102910.83835110
10476448.31774922
13673694.52608177
18315863.72593921
24359818.95750904
33497415.89237199
44586661.68098909
61397494.46891410
90074796.24997723
131419780.66695635
195902168.49406359
301705256.57243037
489893286.17239344
837217650.64365196
1512041741.13470197
2950467004.54977322
6552614159.90927696
16793940420.59986496
60575868417.70312500
297647454306.30273438
5597923606034.92480469
5162352539276206080.00000000
4897255417615.57031250
340958749127.95983887
72421671818.30371094
24352178042.61116791
10625513326.02793503
5482288291.64508057
3054462835.74284935
1882489679.00108004
1257452210.40937376
863769726.37538958
628303339.34712625
466335381.93369293
355424029.75747943
280252248.63380754
223456838.18465602
179221706.09662509
150993339.40531111
125393696.49338701
107322251.08499576
91493499.56281364
79799846.60567811
70063750.19877401
61651825.32412536
54972294.28650311
49075847.48058137
43984684.37800029
39356942.86184678
36135084.30299023
33317492.05306673
30680290.32202404
28597751.36806485
26191215.54240928
24400681.88396791
23013865.40349831
21534187.37511369
19915297.88775805
18818971.11963856
18101271.71931423
17027931.09414924
16220938.37101756
15548896.42209641
14862103.22897726
14163607.93930195
13628835.38459804
13140591.32114749
12664880.59733686
12022663.34363157
11789390.55865020
11557088.14709722
11073535.37256879
10801369.62554358
10550163.20877530
10266797.43970109
9957586.56401344
9797305.82015621
9547525.92563004
9094471.65306617
9194753.42304446
8993132.59584412
8784751.69098999
8599525.44257149
8593265.07977201
8378490.29759659
8193527.42647129
8123594.04303323
7991943.78918291
7675490.27014774
7719680.75691797
7755398.59478246
7621706.19378128
7417075.86623643
7358418.98341749
7333220.98955753
7158265.55910306
7067386.87035151
7017234.66716754
6985629.41885678
6804613.14435312
6716899.12744107
6697719.84418149
6583801.96372920
6456183.46875447
6355851.46955245
6283491.84639370
6113289.66108363
5994754.49480130
5873161.53000853
5762525.68292322
5703160.20193731
5601760.11303481
5418151.17718753
5254068.15489559
5109052.61893360
4939132.55660363
4795030.28629921
4675609.47793257
4447805.47895137
4229454.82816263
4006848.20493857
3733511.85883548
3502541.81175516
3274868.61374659
3054876.19844827
2890284.02291337
2446606.70199888
1705021.05616747
2154126.72072630
1850650.55619413
1363755.33514486
955738.87758666
993564.62056910
772253.55826875
307412.98207225
275979.11666943
162845.89855598
-351232.50396496
-180741.68016683
186046.48484054
179937.04839553
178222.11092198
495871.06735561
947325.13649995
1870713.57839804
3186848.09577394
4140476.53935681
5163563.64502154
7191517.84450594
10035423.89052952
12946279.90247942
15408161.42388077
19583417.81820202
25725066.55354771
31409265.07021455
38100366.57464613
46717902.14676154
55119738.10040341
68272065.44079074
80321965.09996542
95864005.98749331
116011552.29828513
138336688.63909167
162436583.94552261
189512459.33447903
222469776.44853652
263698810.03585684
312192745.91302633
351037255.99801111
416140374.58136284
490145942.41540956
567176092.76228261
661407867.47864926
767584415.10216546
885546475.58186960
1027515464.70758080
1190529829.55437493
1378253524.38983965
1575974076.43118286
1823795496.73810554
2105767844.72100449
2435057152.76943493
2825846165.20864296
3246876318.60565901
3702845725.06729555
4255097532.68871212
4948199602.14947701
5640988680.83856964
6565524053.60312843
7453087706.07212543
8601659089.17901230
9840473789.12130737
11304066852.40759659
12976097851.91281700
14964525846.54377747
17108223835.17526817
19590408212.83696747
22700307885.52245331
25453640237.84616089
29612940169.37940216
34127533612.48304749
38973443723.89997864
45164252222.46057129
51869198103.79156494
58849335271.87248993
67385835285.53427124
77260342683.69279480
88278794448.58901978
101768789040.93270874
117489145286.91604614
135416209882.71803284
153153900002.29943848
176186930558.57336426
205078988617.39779663
234552379752.59094238
268660503406.96484375
307032010700.93054199
352963475165.66601562
412352065135.12847900
461524897720.30859375
531358097634.21630859
617772620572.11657715
693300199925.64697266
818355533879.56396484
957283243051.18750000
1075775148378.93237305
1218021879318.63330078
1408037290456.58496094
1652288660106.60595703
1886341432072.94287109
2157033447921.65429688
2490927355963.88671875
2897506321845.27929688
3367294343768.44091797
3843177362416.86474609
4329372949274.94921875
5121868407826.76464844
5952327298762.94140625
6555137308922.89160156
7635128887177.76757812
8953709356465.13085938
10613780277582.60937500
11982701059485.05273438
13491931467360.71484375
16282753775617.59375000
18732464460103.18750000
20426889742224.94921875
23741901532679.59375000
27792680941341.51562500
32791692630334.39843750
39027276667675.44531250
43650351274183.79687500
48975686546765.50000000
59749542258840.71875000
68034607535356.83593750
78158973648096.46875000
89777594020166.25000000
103025863723321.21875000
120416924639408.18750000
128146980006070.25000000
168253024492933.37500000
201525314400760.87500000
217436971520772.34375000
235168973910822.93750000
288407017659031.62500000
358950051463457.50000000
346036330197472.18750000
440230766877908.00000000
564348479507268.50000000
632377687738686.00000000
712439808176113.37500000
805865290821188.12500000
919266738449418.87500000
1042335021556888.37500000
1220879327646302.50000000
1423709031106597.00000000
1676765750132657.75000000
2005399927605230.00000000
2418743190254557.00000000
2286165685295873.00000000
2793598741676228.00000000
3478073337268158.00000000
4403866824644933.00000000
5701755923411744.00000000
5338981931941378.00000000
5015396922950557.00000000
6646222983788138.00000000
9089772049089732.00000000
8476797136230531.00000000
11996330844394224.00000000
17855608573464318.00000000
16559405779549902.00000000
15327118441687702.00000000
14158647131226320.00000000
22200734671814092.00000000
37826704712702096.00000000
34604565048162772.00000000
31575677397122876.00000000
28734751878087188.00000000
54250334953719896.00000000
49094901554175456.00000000
43101253386372624.00000000
97584560035975520.00000000
87462599969431488.00000000
78107772331286304.00000000
69622615915702880.00000000
194978197575093280.00000000
172039964531644416.00000000
151113619333820032.00000000
132078948836915840.00000000
114848473912848352.00000000
502749325294345536.00000000
85355310452644848.00000000
72889449522373344.00000000
312928939241982848.00000000
4213730992051042816.00000000
3506401590539247616.00000000
181222180851405056.00000000
148378481554066112.00000000
120155138474155136.00000000
1537665534420678656.00000000
1208486495894590976.00000000
934726290494083840.00000000
713098046471435264.00000000
530636594022130688.00000000
386407018992386496.00000000
273681688326430144.00000000
186943942370020480.00000000
123006451644447840.00000000
0.00000000
45118399467334400.00000000
24427813696115808.00000000
0.00000000
0.00000000
1530721411544762.50000000
302370724672796.06250000
0.00000000
0.00000000
